5.5 -13.741 4.1242 1.3 0.0 0.0
4.5 -13.741 4.1242 1.3 0.0 0.0
3.5 -13.741 4.1242 1.3 0.0 0.0
2.5 -13.741 4.1242 1.3 0.0 0.0
1.5 -13.741 4.1242 1.3 0.0 0.0
0.5 -13.741 4.1242 1.3 0.0 0.0
-1.5 -13.741 4.1242 1.3 0.0 0.0
-2.5 -13.741 4.1242 1.3 0.0 0.0
-3.5 -12.741 4.1242 1.3 0.0 0.0
-4.5 -11.741 4.1242 1.3 0.0 0.0
-4.5 -10.741 4.1242 1.3 0.0 0.0
-4.5 -9.741 4.1242 1.3 0.0 -0.1
-4.5 -8.741 4.1242 1.3 .0 -0.2
-4.5 -7.741 4.1242 1.3 .0 -0.3
-4.5 -6.741 4.1242 1.3 .0 -0.4
-6.5 -5.741 4.1242 1.3 .0 -0.5
-7.5 -4.741 4.1242 1.3 .0 -0.7
-8.5 -3.741 4.1242 1.3 .0 -0.8
-8.5 -2.741 4.1242 1.3 .0 -1.0
-8.5 -1.741 4.1242 1.3 .0 -1.2
-8.5 0.741 4.1242 1.3 .0 -1.5
-8.5 1.741 4.1242 1.3 .0 -1.8
-8.5 2.741 4.1242 1.3 .0 -2.0
-8.5 3.741 4.1242 1.3 .0 -2.2
-8.5 4.741 4.1242 1.3 .0 -2.5
-8.5 5.741 4.1242 1.3 .0 -2.8
-7.5 5.741 4.1242 1.3 0.0 -2.8
-6.5 5.741 4.1242 1.3 0.0 -3.0
-5.5 5.741 4.1242 1.3 0.0 -3.0
-4.5 5.741 4.1242 1.3 0.0 -3.0
-3.5 5.741 4.1242 1.3 0.0 -3.0
-2.5 5.741 4.1242 1.3 0.0 -3.0
-1.5 5.741 4.1242 1.3 0.0 -3.0
-0.5 5.741 4.1242 1.3 0.0 -3.0
 0.5 5.741 4.1242 1.3 0.0 -3.2
 1.5 5.741 4.1242 1.3 0.0 -3.4
 2.5 5.741 4.1242 1.3 0.0 -3.6
 3.5 5.741 4.1242 1.3 0.0 -3.8
 4.5 5.741 4.1242 1.3 0.0 -4.2
 5.5 3.741 4.1242 1.3 0.0 -4.4
 5.5 1.741 4.1242 1.3 0.0 -4.6
 5.5 0.741 4.1242 1.3 0.0 -4.8
 5.5 -2.741 4.1242 1.3 0.0 -5.0
 5.5 -4.741 4.1242 1.3 0.0 -5.2
 5.5 -6.741 4.1242 1.3 0.0 -5.4
 5.5 -8.741 4.1242 1.3 0.0 -5.6
 5.5 -10.741 4.1242 1.3 0.0 -5.8
